eu_median_one=16.7
eu_mean_one=19.3
eu_q25_one=7.50000
eu_q75_one=27.27273
eu_median_two=33.3
eu_mean_two=33.2
eu_q25_two=11.11111
eu_q75_two=51.85185
eu_median_three=0.0
eu_mean_three=3.7
eu_q25_three=-0.50000
eu_q75_three=5.55556
